801
37 97
67 534
353 700
632 413
594 59
387 329
377 508
95 797
334 784
44 86
380 165
27 7
569 481
56 602
156 61
204 25
2 11
73 35
358 613
163 73
199 377
504 125
426 416
177 269
389 156
368 154
31 116
553 416
466 474
5 42
208 134
49 122
280 229
345 273
209 252
123 353
702 399
12 47
217 195
400 357
179 160
48 11
457 390
162 408
377 762
772 225
169 478
17 250
313 235
600 102
140 258
106 711
779 253
231 721
182 558
202 773
154 561
422 488
318 592
362 280
398 509
652 753
209 40
267 182
16 99
56 66
11 14
137 43
199 564
199 305
421 274
609 731
116 182
272 501
317 701
63 33
26 11
705 55
21 121
46 195
228 183
70 526
135 68
263 106
311 26
151 167
583 686
472 63
227 597
100 158
459 787
467 183
410 225
256 57
792 642
79 325
274 461
71 451
110 157
244 519
203 86
320 434
281 152
326 116
728 322
352 237
361 314
790 159
585 120
396 375
112 61
202 556
563 296
723 386
41 54
572 495
763 46
293 238
119 452
118 675
445 157
7 20
681 251
11 38
44 15
193 167
698 100
428 322
608 405
70 136
390 170
279 258
173 212
674 104
682 548
68 206
162 306
248 335
61 3
62 537
2 9
667 441
437 146
7 1
2 4
609 30
111 139
390 759
108 166
281 716
142 6
181 157
295 336
330 306
241 598
196 430
596 173
29 33
750 604
217 552
469 646
533 571
38 138
306 551
80 382
687 162
152 654
343 161
183 395
230 76
183 136
580 121
296 623
493 124
604 211
393 591
238 733
47 190
719 209
314 344
34 1
199 496
399 215
125 210
140 176
321 259
153 469
128 96
614 437
64 796
91 333
259 548
516 388
290 136
59 169
335 494
46 9
207 180
2 18
43 587
714 493
346 248
161 755
253 661
324 115
515 34
257 318
404 100
419 201
718 746
405 375
752 392
273 398
499 260
177 218
153 184
68 221
146 67
640 283
342 277
800 660
630 488
195 631
159 351
455 305
242 544
246 54
360 255
284 297
786 562
28 296
471 418
537 557
26 412
403 141
532 462
137 307
7 24
196 529
367 38
495 456
84 243
669 596
670 13
199 697
194 138
517 9
117 216
18 59
680 19
43 30
95 231
486 34
503 105
615 90
724 20
14 28
219 749
239 247
411 144
254 468
154 233
380 450
82 102
4 19
593 439
441 533
296 485
607 97
2 5
47 425
107 80
497 17
108 456
75 7
17 9
662 504
266 484
502 445
185 52
245 540
766 226
363 222
23 18
132 726
235 521
30 53
648 295
21 80
292 215
482 50
582 245
25 21
45 215
407 217
659 416
549 335
240 43
392 541
94 101
348 291
394 49
745 399
360 747
24 51
479 147
104 141
695 472
22 88
436 337
306 692
528 626
513 459
35 52
26 89
365 306
92 62
114 49
30 45
52 172
105 514
465 206
599 38
31 14
312 612
10 13
115 238
663 276
496 619
266 66
1 15
757 165
440 389
291 230
240 242
171 332
153 272
161 131
538 209
64 140
162 69
280 562
523 624
150 222
536 455
140 173
298 151
679 331
778 305
719 770
50 83
125 110
443 439
200 432
41 765
128 153
656 360
256 518
748 373
691 221
463 317
304 47
35 110
141 320
13 159
32 253
54 152
689 1
2 165
643 576
80 725
41 69
133 75
543 401
429 144
265 299
439 694
144 251
129 81
29 26
466 738
457 653
143 570
357 235
11 96
242 444
73 294
147 61
118 492
60 106
191 86
74 629
288 188
462 246
282 231
160 101
363 447
546 8
49 12
370 393
24 506
12 79
149 110
758 313
743 789
634 614
201 147
237 205
161 338
650 364
37 340
254 32
291 295
273 16
552 568
625 508
192 115
231 420
26 85
442 76
121 145
186 169
635 151
402 584
100 708
118 10
20 111
24 58
424 408
285 150
76 42
78 187
402 182
298 713
18 525
179 241
232 620
21 9
514 621
37 274
275 528
119 42
133 359
139 260
703 580
275 633
7 81
259 180
192 265
113 94
333 636
453 46
77 74
8 12
449 370
11 301
704 543
590 195
154 80
490 487
460 672
364 32
123 124
257 264
176 196
150 651
376 291
439 294
690 363
44 660
685 122
38 743
72 42
164 309
414 335
441 100
219 152
228 655
383 171
764 236
727 270
106 481
722 514
236 227
391 372
35 82
699 648
605 483
27 41
418 399
112 378
356 567
96 103
102 271
23 150
47 422
257 284
710 62
170 225
237 397
21 40
2 232
50 5
43 645
319 622
628 556
131 235
677 231
202 741
331 356
530 72
42 756
36 355
13 84
124 148
473 500
167 545
108 347
205 28
323 276
707 696
224 158
13 579
68 64
776 485
717 64
67 55
379 68
520 5
175 148
378 392
39 2
550 77
768 741
615 617
300 259
255 94
91 100
109 56
62 559
109 767
554 176
49 177
11 226
80 423
331 222
366 329
671 579
234 275
174 113
278 277
245 82
1 55
781 269
294 732
476 269
11 64
116 127
58 737
317 182
203 446
43 62
454 13
239 601
777 533
706 350
539 524
18 57
583 376
47 70
115 40
58 480
565 200
244 581
312 459
678 477
595 212
32 93
57 123
611 366
117 134
780 102
657 326
558 754
730 543
413 255
720 454
342 795
99 170
435 498
2 1
277 431
119 223
72 117
229 128
91 30
736 540
83 98
655 688
261 566
348 760
358 263
144 51
370 205
46 78
10 6
310 250
220 52
261 134
261 303
618 157
171 85
314 251
651 684
239 141
35 7
489 432
740 775
157 234
793 363
32 575
417 83
247 341
9 16
28 65
224 458
185 477
442 589
289 240
435 165
782 545
382 491
696 559
206 555
389 401
249 188
248 193
312 18
77 143
483 87
788 677
137 244
426 742
560 493
2 3
90 59
258 573
151 105
46 740
415 187
569 588
357 464
126 606
59 132
302 151
468 801
21 74
350 272
189 129
62 202
104 94
132 164
137 197
262 243
70 87
384 359
94 2
344 637
433 19
289 586
316 146
574 567
293 547
317 577
349 52
188 124
523 744
284 319
409 53
416 68
523 442
155 576
136 647
490 734
381 357
769 454
329 245
603 113
120 29
155 30
395 473
511 435
5 406
666 621
285 372
66 130
460 336
275 799
513 676
165 718
33 322
224 427
713 729
40 56
658 198
798 768
475 52
441 668
193 200
644 19
532 665
262 652
516 673
531 456
354 239
70 180
638 558
22 1
309 505
119 785
712 362
105 308
448 52
649 237
288 374
380 535
168 45
466 379
320 794
419 512
60 39
19 108
130 257
8 7
263 774
641 65
715 13
126 6
610 600
474 616
470 355
274 527
37 6
651 709
221 388
503 542
693 189
71 27
128 373
771 668
1 6
761 480
12 315
111 327
268 203
627 622
735 366
540 683
488 639
6 507
30 12
49 131
259 276
337 7
386 171
84 95
487 171
751 603
10 36
105 62
783 457
2 199
36 371
213 94
227 204
328 53
176 438
642 200
53 283
